110
89 0.0857600461525
94 87 68

22 0.630784257891
21 70 20

82 0.818619308958
97 29 95

56 0.025363765391
87 95 59

25 0.0760136691511
70 84 28

53 0.316302593457
99 71 90

6 0.299392471573
50 73 18

88 0.392344724765
91 33 2

80 0.606506629469
32 92 6

1 1.57
100 1 1

70 0.749320850187
80 25 5

50 1.42213285918
98 53 30

86 1.36412637024
97 20 60

99 1.4029604644
66 0 55

46 1.17167927329
81 0 21

1 0.656413896288
86 22 20

93 1.3695269364
85 100 22

99 0.185997894332
90 67 84

89 1.18250494365
66 6 47

60 1.47380769435
60 53 29

25 0.719951903028
63 8 56

76 1.33949801471
85 97 52

39 0.482707186973
80 48 76

53 0.380293074074
34 65 10

26 1.34313155185
100 58 86

63 1.42237933529
53 59 34

77 0.297774403673
71 18 32

0 1.56395714434
71 55 33

53 0.914774066224
58 66 54

60 0.10184316442
77 17 36

6 1.41628789159
99 14 97

12 1.40168450759
98 95 32

92 0.542849840895
71 96 70

41 0.986185123628
98 34 97

73 0.206804227667
28 17 9

40 1.48747599092
76 75 13

46 1.27303302805
66 18 3

25 0.505105391093
89 51 84

16 0.606693769287
49 74 8

23 1.25178172203
100 90 51

25 0.0809234304442
84 62 27

63 0.162001126335
79 47 56

95 1.37697619018
96 86 91

0 1.06875173863
88 21 75

51 0.575044127605
76 89 28

32 0.155630595968
88 41 77

42 0.006034690193
67 49 11

70 0.779124154006
93 31 87

46 0.206695896014
97 54 70

64 0.890834383902
70 10 62

51 0.57867599065
58 60 48

46 0.665113877199
81 13 78

16 1.04271539169
87 81 83

45 0.404799793934
67 4 13

67 0.340820025508
17 13 5

45 1.25284268805
77 24 67

51 0.107944296874
97 74 40

89 0.862598276657
62 3 3

86 0.580408748567
52 89 48

47 0.253714221642
46 33 40

34 1.02580482433
95 76 91

81 0.88917881739
54 89 35

40 1.16493452971
62 77 33

30 0.644424213319
70 98 33

53 0.12813619239
93 79 83

2 0.538845891112
75 20 3

10 1.18878202522
94 46 78

26 1.09749304452
91 5 15

95 0.318621146343
97 40 88

31 0.929581697572
78 95 27

98 0.369596434765
67 42 37

56 1.00057024999
58 38 46

54 1.01605508031
79 8 3

55 1.24283306644
70 94 34

95 1.40053389637
98 37 94

2 0.597737681833
93 100 89

61 0.638454120763
67 50 2

92 1.40098031852
63 85 31

16 1.55796034886
69 93 15

27 0.835663825078
89 45 75

27 1.45930817983
100 46 78

87 0.804414780792
91 55 85

16 0.92602433367
93 32 65

47 0.674450685746
40 30 34

97 0.925462265162
70 1 49

82 1.00155707841
100 8 98

50 0.841166096306
98 79 54

19 1.15005767827
90 41 21

60 1.50869820062
84 70 75

27 1.0075905557
94 20 88

69 0.850439541709
96 67 65

44 1.38382900608
64 86 14

43 0.603677897102
65 90 29

92 0.104906110349
99 39 98

70 0.805086003006
97 96 62

0 0
100 1 1

72 0.0722698793814
99 35 90

11 0.61302137017
84 9 76

90 1.26068728721
97 59 94

17 1.03474860133
32 26 26

3 0.0195986542525
72 22 67

30 0.315630636275
74 57 62

40 1.17355644978
97 27 63

3 1.52042821727
94 52 19

30 1.41360428804
37 57 12

11 0.207607975288
42 88 17

1 0
50 1 1

29 1.00811083905
95 32 76

51 0.14186788331
97 26 84

78 1.45368674861
31 61 22
