100
3 8
5 6 9 4 8 2 1 7
3 1
2
3 10
2 4 8 16 32 64 100 100 100 100
3 10
1 4 4 4 4 4 4 4 4 4
100 1
100
3 5
11 20 60 22 100
2 10
100 100 100 100 100 100 100 100 100 100
3 5
100 100 100 100 100
3 4
1 6 12 49
2 6
9 64 19 16 81 80
1 10
100 100 100 100 100 100 100 100 100 100
1 10
1 1 1 1 1 1 1 1 1 1
2 2
54 71
22 6
5 1 1 3 30 11
21 5
8 4 26 49 74
11 1
16
9 8
53 53 11 1 47 1 8 60
10 9
48 1 39 3 89 1 34 99 85
8 5
5 45 8 1 67
1 5
7 20 70 40 37
21 3
61 21 47
1 5
2 75 47 10 6
1 1
15
22 8
1 10 13 1 17 24 51 19
12 6
3 39 2 2 62 66
23 5
3 7 20 13 14
10 8
47 10 75 78 67 19 5 58
1 4
93 26 13 35
18 7
8 47 3 13 6 24 1
4 5
50 97 3 7 4
13 9
16 34 11 1 1 37 14 12 43
1 1
7
2 2
2 5
1 3
39 17 39
16 7
42 1 75 91 7 1 9
1 4
49 67 98 84
12 4
19 63 55 1
20 8
38 60 26 70 8 49 83 50
21 9
28 33 17 2 3 26 1 57 90
23 7
23 20 1 1 96 34 36
3 8
2 20 97 54 11 8 75 3
17 2
63 10
3 6
21 24 18 62 17 4
3 7
19 49 21 21 1 8 6
10 1
1
25 3
64 1 27
7 2
49 5
7 5
20 2 9 1 4
3 8
1 1 36 16 39 84 17 9
24 1
1
11 9
23 69 5 63 65 42 81 12 26
5 4
82 95 2 3
20 5
27 7 58 1 1
9 7
63 84 66 30 81 55 1
22 1
76
2 8
78 65 71 3 8 4 10 40
1 7
10 17 75 36 25 86 97
4 4
46 1 8 13
8 1
84
2 6
27 21 1 18 88 40
14 7
36 55 10 82 14 28 86
6 6
13 19 1 4 1 45
3 4
8 12 5 69
4 3
69 63 18
18 2
16 28
1 5
56 77 49 5 13
2 1
14
3 3
47 1 1
14 4
49 32 42 48
11 3
5 93 1
7 1
96
12 6
1 60 40 9 55 37
1 8
3 19 50 28 3 42 9 2
4 6
83 3 7 54 1 7
1 5
44 11 18 1 7
5 8
88 4 77 31 20 6 63 96
9 4
19 11 21 23
22 3
4 35 2
10 8
3 81 37 74 1 92 1 8
19 8
26 35 1 49 68 21 2 16
10 8
92 34 67 1 52 76 16 15
7 5
55 19 38 93 53
25 8
7 45 61 50 73 84 26 28
2 1
3
4 9
19 17 21 64 35 42 25 15 1
1 9
73 1 1 1 77 5 1 15 34
13 5
47 26 6 46 55
5 2
23 48
6 3
92 6 1
2 9
2 47 41 4 27 42 9 32 11
1 9
39 79 5 1 25 20 98 57 4
7 9
30 79 1 9 88 12 32 21 74
1 6
4 9 22 67 99 87
2 5
24 86 86 1 36
9 9
70 1 6 19 74 78 68 8 46
6 8
9 32 22 10 16 1 2 45
3 3
2 66 67
23 6
83 73 73 33 1 30
1 6
1 94 70 73 37 4
21 3
3 16 47
