100
3 3
2 1 2
1 1 1
2 1 2
5 5
2 2 2 2 2
2 1 1 1 2
2 1 2 1 2
2 1 1 1 2
2 2 2 2 2
4 10
1 2 2 1 2 2 2 1 1 1
1 2 2 1 2 1 2 1 1 1
1 2 2 1 2 2 2 1 1 1
1 2 2 1 2 2 2 1 1 1
1 2
2 2
10 10
1 1 1 1 1 1 1 1 1 1
1 1 1 1 1 1 1 1 1 1
1 1 1 1 1 1 1 1 1 1
1 1 1 1 1 2 1 1 1 1
1 1 1 1 1 1 1 1 1 1
1 1 1 1 1 1 1 1 1 1
1 1 1 1 1 1 1 1 1 1
1 1 1 1 1 1 1 1 1 1
1 1 1 1 1 1 1 1 1 1
1 1 1 1 1 1 1 1 1 1
8 3
1 2 2
2 1 2
1 2 1
1 2 2
2 1 2
2 2 2
1 2 2
1 2 1
10 8
2 2 2 2 2 2 2 2
2 2 2 2 2 2 2 2
2 2 2 2 2 2 2 2
2 2 2 2 2 2 2 2
2 2 2 2 2 2 2 2
2 2 2 2 2 2 2 2
2 2 2 2 2 2 2 2
2 2 2 2 2 2 2 2
2 2 2 2 2 2 2 2
1 2 2 2 2 2 2 2
8 7
2 2 2 1 1 2 2
2 1 1 2 1 1 1
2 1 2 2 1 2 2
1 1 2 1 1 2 1
1 2 1 2 1 1 1
2 1 1 2 1 2 1
2 1 1 1 2 2 1
1 1 1 2 1 1 2
10 10
1 1 1 1 1 1 1 1 1 1
1 1 1 1 1 1 1 1 1 1
1 1 1 1 1 1 1 1 1 1
1 1 1 1 1 1 1 1 1 1
1 1 1 1 1 1 1 1 1 1
1 1 1 1 1 1 1 1 1 1
1 1 1 1 1 1 1 1 1 1
1 1 1 1 1 1 1 1 1 1
1 1 1 1 1 1 1 1 1 1
1 1 1 1 1 1 1 1 1 1
3 10
2 2 2 2 2 1 2 2 2 2
2 2 2 2 2 2 2 2 2 2
2 2 2 2 2 2 2 2 2 2
2 7
2 2 2 2 2 1 2
2 2 2 2 2 2 2
8 7
1 1 1 2 1 1 2
1 1 1 2 1 1 2
1 1 1 1 1 1 1
1 1 1 1 1 1 1
1 1 1 1 1 1 1
1 1 1 2 1 1 1
1 1 1 1 1 1 1
1 1 1 2 1 1 2
10 10
1 1 1 1 1 1 1 1 1 1
1 1 1 1 1 1 1 1 1 1
1 1 1 1 1 1 1 1 1 1
1 1 1 1 1 1 1 1 1 1
1 1 1 1 1 1 1 1 1 1
1 1 1 1 1 1 2 1 1 1
1 1 1 1 1 1 1 1 1 1
1 1 1 1 1 1 1 1 1 1
1 1 1 1 1 1 1 1 2 1
1 1 1 1 1 1 1 1 1 1
10 10
1 1 1 2 1 1 1 1 1 1
1 1 1 1 1 1 1 1 1 1
1 1 1 1 1 1 1 1 1 1
1 1 1 1 1 1 1 1 1 1
1 1 1 1 1 1 1 1 1 1
1 1 1 1 1 1 1 1 1 1
1 1 1 1 1 1 1 1 1 1
1 1 1 1 1 1 1 1 1 1
1 1 1 1 1 1 1 1 1 1
1 1 1 1 1 1 1 1 1 1
8 3
2 1 2
1 2 1
1 2 2
2 2 2
2 2 2
2 2 1
2 2 2
2 2 2
10 10
2 2 2 2 2 2 2 2 2 2
2 2 2 2 2 2 2 2 2 2
2 2 2 2 2 2 1 2 2 2
2 2 2 2 2 2 2 2 2 2
2 2 2 2 2 2 2 2 2 2
2 2 2 2 2 2 2 2 2 2
2 2 2 2 2 2 2 2 2 2
2 2 2 2 2 2 2 2 2 2
2 2 2 2 2 2 2 2 2 2
2 2 2 2 2 2 2 2 2 2
10 10
2 2 2 2 2 2 2 2 2 2
2 2 2 2 2 2 2 2 2 2
1 2 2 2 2 2 2 2 2 2
2 2 2 2 2 2 2 2 2 2
2 1 2 2 2 1 2 2 2 2
2 1 2 2 2 2 1 2 2 2
2 2 2 2 2 2 2 2 2 2
2 2 1 2 2 2 2 2 1 2
1 2 2 2 2 2 2 2 2 2
2 2 2 2 2 2 1 2 2 1
10 10
1 1 1 2 2 1 1 2 1 2
1 1 1 2 2 1 1 2 1 2
1 1 1 1 1 1 1 1 1 1
1 1 1 2 2 1 1 2 1 2
1 1 1 1 1 1 1 1 1 1
1 1 1 2 2 1 1 2 1 2
1 1 1 1 1 1 1 1 1 1
1 1 1 2 2 1 1 2 1 2
1 1 1 1 1 1 1 1 1 1
1 1 1 1 1 1 1 1 1 1
8 7
2 2 2 1 2 1 2
1 1 1 1 1 1 1
1 1 1 1 1 1 1
2 2 2 1 2 1 2
1 1 1 1 1 1 1
1 1 1 1 1 1 1
1 1 1 1 1 1 1
1 1 1 1 1 1 1
4 10
1 2 2 1 2 1 2 2 2 2
2 1 2 1 2 2 1 1 2 2
1 2 1 1 2 2 2 2 1 1
2 1 2 2 2 2 1 2 1 2
1 1
2
10 4
2 2 2 2
2 2 2 1
2 2 2 2
2 2 2 2
2 2 2 2
2 2 2 1
2 2 2 2
2 2 2 2
2 2 2 2
2 2 2 2
8 9
2 2 2 2 2 2 2 2 2
2 2 2 2 2 2 2 2 2
2 2 2 2 2 2 2 2 2
2 1 2 2 2 2 2 2 2
2 2 2 2 2 2 2 2 2
2 2 2 2 2 2 2 2 2
2 2 2 2 2 2 2 2 2
2 2 2 2 2 2 2 2 2
1 10
1 1 1 1 1 1 1 1 1 1
8 9
1 1 1 1 1 1 1 1 1
1 1 1 1 1 1 1 1 1
1 1 1 1 1 1 1 1 1
1 1 1 1 1 1 1 1 1
1 1 2 1 2 1 2 2 2
1 1 1 1 1 1 1 1 1
1 1 1 1 1 1 1 1 1
1 1 1 1 1 1 1 1 1
1 8
1 2 1 2 2 2 2 2
9 8
1 1 1 1 2 2 2 2
1 2 2 2 2 1 1 1
2 2 1 1 1 2 1 2
1 2 1 1 2 2 2 1
1 1 2 2 2 2 1 1
1 2 1 2 1 1 2 1
2 2 2 2 1 2 1 1
2 1 2 2 2 2 2 2
1 2 1 2 1 2 1 1
6 10
2 2 2 2 2 2 2 2 2 2
2 2 2 2 1 2 2 2 2 2
2 2 2 2 2 2 2 2 2 2
2 2 2 2 2 2 2 2 2 2
2 2 2 2 2 2 2 2 2 2
2 2 2 2 2 2 2 2 2 2
7 9
1 2 1 1 2 1 1 1 1
1 1 1 1 1 2 1 2 2
1 1 2 1 1 1 1 1 2
1 1 1 1 1 2 1 1 1
2 1 2 2 1 2 2 1 2
1 1 1 1 2 1 2 1 1
1 2 2 2 2 2 1 1 1
7 8
1 2 2 2 1 2 2 1
2 2 2 1 1 1 2 1
1 2 2 2 2 2 1 2
2 1 1 2 1 1 1 2
2 2 1 2 2 2 1 2
1 2 2 1 1 1 2 1
1 1 2 1 2 1 1 2
10 10
1 1 1 1 1 1 1 1 1 1
1 1 1 1 1 1 1 1 1 1
1 1 1 1 1 1 1 1 1 1
1 1 1 1 1 1 1 1 1 1
1 1 1 1 1 1 1 1 1 1
1 1 1 1 1 1 1 2 1 1
1 1 1 1 1 1 1 1 1 1
1 1 1 1 1 1 1 1 1 1
2 1 1 1 1 1 1 1 1 1
1 1 1 1 1 1 1 1 1 1
8 10
2 1 1 1 2 1 2 1 2 2
2 1 2 1 1 1 1 2 2 2
2 1 1 2 1 2 2 1 1 2
1 2 2 2 1 1 1 1 2 2
2 1 2 1 1 1 2 1 2 1
1 2 2 1 1 1 1 2 1 1
1 2 1 1 1 1 1 2 1 2
1 1 1 2 1 1 2 2 2 2
7 9
2 2 2 2 2 2 2 2 2
2 2 2 2 2 2 2 2 2
2 2 2 2 2 2 2 2 2
2 2 2 2 2 2 2 2 2
2 2 2 2 2 2 2 2 1
2 2 2 2 2 2 2 2 2
2 2 2 2 2 2 2 2 2
10 4
2 1 2 2
2 2 1 1
2 2 2 2
2 1 1 1
2 2 2 1
2 2 2 1
2 2 2 1
2 2 1 1
2 2 1 1
2 1 2 2
10 10
1 2 2 1 1 2 1 1 1 2
1 2 1 1 2 1 2 1 1 2
1 2 1 2 2 1 1 2 2 2
1 2 1 1 2 2 1 2 1 2
1 2 2 1 2 1 2 1 2 2
1 2 1 2 2 2 2 1 2 1
1 1 2 1 1 2 2 1 2 1
1 2 1 2 2 2 2 1 2 1
1 2 1 1 1 2 1 2 1 2
2 1 2 1 2 1 2 2 1 1
3 3
1 2 2
2 2 1
1 2 1
10 7
2 2 2 2 2 2 2
2 2 2 2 2 2 2
2 2 2 2 2 2 2
2 2 2 2 2 2 2
2 2 2 2 2 2 2
2 2 2 2 2 2 2
2 2 2 2 2 2 2
2 2 2 2 2 1 2
2 2 2 2 2 2 2
2 2 2 2 2 2 2
10 4
1 1 2 2
1 1 2 2
2 2 1 2
1 2 1 1
2 1 2 2
1 1 2 1
1 2 2 2
2 2 1 2
2 1 2 2
1 2 2 1
3 10
2 2 2 2 1 1 1 2 1 2
1 1 1 1 1 1 1 1 1 1
1 1 1 1 1 1 1 1 1 1
7 2
2 2
2 2
2 2
1 2
1 1
1 1
2 2
10 8
1 2 2 1 1 2 2 2
1 2 2 1 1 2 2 2
1 1 1 1 1 1 1 1
1 2 2 1 1 2 2 2
1 2 2 1 1 2 2 2
1 1 1 1 1 1 1 1
1 2 2 1 1 2 2 2
1 1 1 1 1 1 1 1
1 1 1 1 1 1 1 1
1 1 1 1 1 1 1 1
4 9
1 1 2 1 1 2 2 1 2
1 2 2 2 1 1 2 2 2
2 2 1 2 2 1 2 2 1
2 2 2 2 1 2 1 2 2
2 3
1 2 2
1 2 2
8 3
2 2 2
2 2 2
2 2 2
2 2 2
2 2 2
2 2 2
2 2 1
2 2 2
4 10
2 1 2 1 2 1 2 1 2 2
2 1 2 1 2 1 2 1 2 2
2 1 2 1 2 1 2 1 2 2
2 1 2 1 2 1 2 1 2 2
8 3
1 1 1
1 1 1
2 1 2
2 1 2
1 1 1
1 1 1
2 1 2
1 1 1
3 3
2 2 2
2 2 2
2 2 1
1 1
1
7 8
2 1 1 2 2 2 1 2
1 2 1 2 2 1 1 1
2 2 1 2 1 1 1 1
1 2 1 2 1 1 1 1
1 2 1 1 2 2 1 2
2 1 2 2 2 2 1 2
2 2 2 2 1 2 1 1
1 2
1 1
9 7
2 1 1 2 1 2 1
2 2 2 1 2 1 2
1 2 2 2 1 2 2
2 1 2 1 2 2 2
1 1 2 2 1 2 2
2 1 2 1 2 1 2
1 1 2 2 2 2 1
1 1 2 2 1 1 2
2 1 2 1 2 2 2
1 9
1 1 1 1 1 1 1 1 1
10 4
2 2 2 2
2 2 2 2
2 2 1 2
2 2 2 2
2 2 2 2
2 2 2 2
2 2 2 2
2 2 2 2
2 2 2 2
2 2 2 2
3 3
1 2 2
2 2 1
1 1 2
4 10
2 2 1 2 1 2 2 1 2 1
2 2 2 2 1 2 2 2 2 2
1 1 2 2 1 2 2 2 2 2
1 2 1 1 2 2 2 2 1 1
10 10
2 2 2 2 2 2 2 2 2 2
2 2 2 2 2 2 2 2 2 2
2 2 2 2 2 2 2 2 2 2
2 2 2 2 2 2 2 2 2 2
2 2 2 2 2 2 2 2 2 2
2 2 2 2 2 2 2 2 2 2
2 2 2 2 2 2 2 2 2 2
2 2 2 2 2 1 2 2 2 2
2 2 2 2 2 2 2 2 2 2
2 2 2 2 2 2 2 2 2 2
8 1
1
1
1
1
1
1
1
1
8 7
1 1 1 1 1 1 1
1 1 1 1 1 1 1
1 1 1 1 1 1 1
1 1 1 1 1 1 1
1 1 1 1 1 1 1
1 1 1 1 1 1 1
2 1 1 1 1 2 2
2 1 1 1 1 2 2
4 9
2 2 2 2 2 2 2 1 2
2 2 2 2 2 2 2 2 2
2 2 2 2 2 2 2 2 2
2 2 2 2 2 2 2 2 2
6 10
1 1 1 1 1 1 1 1 1 1
2 2 1 1 2 1 2 1 1 1
2 2 1 1 2 1 2 1 1 1
1 1 1 1 1 1 1 1 1 1
2 2 1 1 2 1 2 1 1 1
2 2 1 1 2 1 2 1 1 1
9 4
2 2 1 1
2 1 2 1
2 2 1 1
2 1 1 1
2 2 2 2
2 2 1 2
1 1 2 1
1 2 2 1
1 2 2 1
10 4
2 1 1 2
1 1 1 1
2 1 1 2
2 1 1 2
2 1 1 2
1 1 1 1
1 1 1 1
2 1 1 2
1 1 1 1
1 1 1 1
3 10
2 2 2 2 2 2 2 2 2 2
2 2 2 2 2 2 2 2 2 2
2 2 1 2 2 2 2 2 2 2
8 7
1 1 1 1 1 1 1
1 1 1 1 1 1 1
1 1 1 1 1 1 1
1 2 1 2 1 1 1
1 1 1 1 1 1 1
1 1 1 1 1 1 1
1 2 1 1 1 1 1
1 1 1 1 1 1 1
10 10
2 2 2 2 2 2 2 2 2 2
2 2 2 2 2 2 2 2 2 2
2 2 2 2 2 2 2 2 2 2
2 2 2 2 2 2 2 2 2 2
2 2 2 2 2 2 2 2 2 2
2 2 2 2 2 2 2 2 2 2
2 2 2 2 2 2 2 2 2 2
2 2 2 2 2 2 2 2 2 2
2 2 2 2 2 2 1 2 2 2
2 2 1 2 2 2 2 2 2 2
8 7
1 1 2 1 2 1 1
1 1 1 1 1 1 1
1 1 2 1 2 1 1
1 1 2 1 2 1 1
1 1 1 1 1 1 1
1 1 1 1 1 1 1
1 1 1 1 1 1 1
1 1 1 1 1 1 1
10 8
2 2 2 1 2 2 2 1
2 1 1 2 2 2 1 2
2 1 2 2 2 1 1 2
2 1 2 2 2 1 2 1
2 2 1 1 1 2 1 1
2 2 1 2 2 1 2 2
1 1 2 1 1 1 1 1
1 2 1 1 1 2 2 1
2 1 1 1 1 2 1 1
2 2 1 1 1 1 2 2
10 7
2 1 1 1 2 2 1
1 2 1 2 2 1 2
2 1 2 2 2 1 2
2 2 2 2 2 1 2
2 2 1 2 1 2 2
2 2 2 2 2 2 1
2 1 2 1 2 2 1
1 2 2 2 2 1 2
1 1 2 2 1 2 2
2 2 2 2 2 1 1
7 9
2 1 2 1 1 1 1 2 1
1 1 1 1 1 1 1 1 1
2 1 2 1 1 1 1 2 1
2 1 2 1 1 1 1 2 1
1 1 1 1 1 1 1 1 1
2 1 2 1 1 1 1 2 1
1 1 1 1 1 1 1 1 1
3 2
2 1
2 2
2 2
10 7
1 1 1 1 1 1 1
2 2 1 2 1 2 2
2 2 1 2 1 2 2
1 1 1 1 1 1 1
2 2 1 2 1 2 2
2 2 1 2 1 2 2
2 2 1 2 1 2 2
1 1 1 1 1 1 1
2 2 1 2 1 2 2
1 1 1 1 1 1 1
2 1
1
1
3 8
2 2 2 2 2 2 2 2
2 2 2 2 2 2 2 2
1 2 2 2 2 2 2 2
10 1
2
2
2
2
2
2
2
2
1
1
3 2
2 2
2 2
1 2
4 10
2 2 1 2 1 1 1 1 2 2
2 2 1 2 2 2 1 2 1 1
1 2 1 2 1 1 2 1 2 1
1 1 1 2 2 1 2 2 1 2
10 3
1 2 1
1 1 2
2 2 2
1 2 1
1 2 2
1 1 1
1 2 2
2 1 1
1 1 1
2 2 2
9 1
2
2
1
2
2
2
2
1
2
8 7
2 2 1 2 2 2 2
2 2 2 2 2 2 2
2 2 2 2 2 2 2
2 2 2 2 2 2 2
2 2 2 2 2 2 2
2 2 2 2 2 2 2
2 2 2 2 2 2 2
2 2 2 2 2 2 2
7 8
1 1 2 1 2 2 1 2
2 2 2 1 1 1 2 1
1 2 1 1 2 2 2 1
2 1 2 1 2 2 2 2
2 2 1 1 2 2 2 1
2 1 1 1 2 2 2 1
1 2 2 2 2 1 1 1
10 10
2 2 2 2 2 2 2 2 2 2
2 2 2 2 2 2 2 2 2 2
2 2 2 2 2 2 2 2 2 2
2 2 2 2 2 2 2 2 2 2
2 2 1 2 2 2 2 2 2 2
2 2 2 2 2 2 2 2 2 2
2 2 2 2 2 2 2 2 2 2
2 1 2 2 2 2 2 2 2 2
2 2 2 2 2 2 2 2 2 2
2 2 2 2 2 2 2 2 2 2
8 7
1 2 2 2 2 2 1
2 2 2 2 2 2 2
2 2 2 2 1 2 1
2 2 2 2 1 2 2
2 2 2 2 2 2 2
2 1 2 2 2 2 2
2 2 2 2 2 2 2
2 2 2 1 2 2 2
2 7
2 1 2 2 1 2 1
1 1 1 1 1 1 1
10 4
2 2 1 2
2 2 1 2
2 2 1 2
2 2 1 2
1 1 1 1
1 1 1 1
1 1 1 1
1 1 1 1
2 2 1 2
2 2 1 2
10 4
2 2 2 2
2 1 2 2
2 2 2 2
2 2 2 2
2 2 2 2
2 2 2 2
2 2 2 2
2 2 2 2
2 2 2 2
2 2 2 2
7 10
2 2 1 1 1 1 2 2 2 2
1 2 2 1 1 2 2 2 1 1
2 2 1 1 1 1 1 2 1 1
2 2 1 1 2 1 2 1 2 1
2 2 1 2 2 1 2 2 1 2
2 1 1 2 2 2 2 2 1 1
1 2 2 1 1 2 1 1 1 1
3 8
2 2 1 1 1 2 2 2
2 2 1 1 1 2 2 2
1 1 1 1 1 1 1 1
8 9
2 1 2 1 2 2 2 1 2
1 1 2 1 2 2 2 2 2
2 2 2 2 2 2 2 2 2
2 2 2 2 1 2 2 2 2
1 2 1 2 2 2 2 2 1
2 1 1 2 2 2 2 2 2
2 2 2 2 2 2 1 1 2
2 2 2 2 2 2 2 2 2
3 8
2 2 2 2 2 2 2 2
2 2 2 2 2 2 2 2
2 2 2 1 2 2 2 2
2 1
1
1
10 10
1 1 1 1 1 1 1 1 1 1
1 1 1 1 1 1 1 1 1 1
1 1 1 1 1 1 1 1 1 1
2 2 1 2 1 2 1 1 2 2
1 1 1 1 1 1 1 1 1 1
2 2 1 2 1 2 1 1 2 2
2 2 1 2 1 2 1 1 2 2
2 2 1 2 1 2 1 1 2 2
2 2 1 2 1 2 1 1 2 2
1 1 1 1 1 1 1 1 1 1
3 3
1 1 1
1 1 1
1 1 1
4 9
1 1 1 1 1 1 1 1 1
1 1 1 1 2 1 2 1 2
1 1 1 1 2 1 2 1 2
1 1 1 1 1 1 1 1 1
8 7
2 2 1 1 1 2 2
2 1 2 1 1 1 2
2 2 1 2 1 2 2
1 2 2 2 2 2 2
1 2 2 2 2 1 2
1 1 1 1 2 1 2
2 1 2 1 2 2 2
2 2 2 1 2 2 2
3 8
1 1 1 2 2 1 1 1
2 2 2 1 1 1 2 1
2 2 1 2 1 2 2 1
6 10
2 2 2 2 2 2 2 2 2 2
2 2 2 2 2 2 2 2 2 2
2 2 2 2 2 2 2 2 2 2
2 2 2 2 2 2 2 2 2 2
2 2 2 2 1 2 2 2 2 2
2 2 1 1 2 2 2 2 2 2
2 7
2 1 2 1 2 2 1
1 2 1 2 1 1 2
3 2
1 1
1 1
1 1
10 10
2 2 2 2 2 2 2 2 2 2
2 2 2 2 2 2 2 2 2 2
2 2 2 2 2 2 2 2 2 2
2 2 2 2 2 2 2 2 2 2
2 2 2 2 2 2 2 2 2 2
2 2 2 2 2 2 2 2 2 2
2 2 2 1 2 2 2 2 2 2
2 2 2 2 2 2 2 2 2 2
2 2 2 2 2 2 2 2 2 2
2 2 2 2 2 2 2 2 2 2
10 10
1 1 1 1 2 1 1 2 2 2
2 2 1 2 1 2 1 1 2 1
1 2 1 1 1 2 2 1 1 1
1 1 2 1 1 1 2 2 1 1
2 1 1 2 1 1 2 1 1 2
1 1 2 1 2 2 1 1 1 2
2 1 2 2 2 1 2 1 1 2
1 2 1 1 1 2 1 2 1 1
1 1 2 1 1 1 2 2 1 2
1 1 2 2 2 2 2 2 1 1
