100
1 109
9 10
7 221
392 601
547 699
7 122
9 742
9 122
1 10
74 946
5 300
122 483
1 6
12 235
3 9
303 584
1 2
892 933
121 742
21 484
3 104
264 732
3 121
1 484
305 689
16 557
1 1
1 1000
4 5
7 10
303 742
4 485
21 584
510 947
584 966
4 65
1 742
1 122
1 9
484 584
65 484
541 922
81 592
470 671
529 639
120 485
100 1000
8 122
352 611
19 875
430 458
65 742
121 121
3 742
122 1000
3 5
171 762
4 109
382 492
4 4
3 584
312 675
1 121
8 302
399 923
8 10
121 484
229 246
65 221
483 484
121 584
513 946
3 6
7 302
4 742
285 529
1 4
480 691
384 742
7 65
120 484
1 101
207 328
8 584
1 5
21 742
236 302
1 221
121 302
3 65
483 742
464 652
65 485
8 742
354 415
10 120
8 109
8 65
369 602
1 104
