1000
97 395
150 607
19 295
30 892
12 565
150 606
97 394
181 730
219 882
156 630
112 225
115 231
219 439
317 635
282 565
1 1000
194 389
194 775
145 586
145 585
145 587
145 720
46 856
46 855
46 857
46 866
107 434
107 433
107 435
107 440
197 395
197 640
12 637
12 636
12 638
12 695
302 605
302 995
45 388
45 387
45 389
45 403
325 651
325 871
132 265
132 430
335 671
335 907
89 740
89 739
89 741
89 818
111 681
111 680
111 682
111 772
85 171
85 176
419 839
419 888
186 373
186 504
178 357
178 412
52 690
52 689
52 691
52 715
157 315
157 495
95 386
95 385
95 387
95 573
243 487
243 514
59 917
59 916
59 918
59 964
214 429
214 772
119 239
119 429
143 287
143 392
183 367
183 376
94 382
94 381
94 383
94 447
216 433
216 690
175 351
175 530
324 649
324 883
38 158
38 157
38 159
38 170
177 355
177 502
44 945
44 944
44 946
44 959
82 865
82 864
82 866
82 944
1 300
1 299
1 301
1 330
293 587
293 872
174 702
174 701
174 703
174 821
26 710
26 709
26 711
26 765
43 582
43 581
43 583
43 634
100 201
100 397
145 586
145 585
145 587
145 858
139 849
139 848
139 850
139 893
189 379
189 610
164 662
164 661
164 663
164 771
161 323
161 485
437 875
437 916
300 601
300 965
137 837
137 836
137 838
137 997
139 562
139 561
139 563
139 678
282 565
282 934
21 385
21 384
21 386
21 399
128 257
128 462
313 627
313 629
337 675
337 788
127 777
127 776
127 778
127 893
126 510
126 509
126 511
126 731
199 400
123 753
123 752
123 754
123 995
21 871
21 870
21 872
21 885
42 364
42 363
42 365
42 370
334 669
334 797
123 498
123 497
123 499
123 508
283 567
283 796
172 694
172 693
172 695
172 834
35 890
35 889
35 891
35 964
143 873
143 872
143 874
143 912
330 661
330 738
54 109
54 158
190 381
190 590
9 370
9 369
9 371
9 384
409 819
409 843
386 773
386 997
344 689
344 904
64 540
64 539
64 541
64 550
41 455
41 454
41 456
41 480
208 417
208 459
8 297
8 296
8 298
8 322
73 147
73 265
84 700
84 699
84 701
84 841
190 381
190 463
97 195
97 338
38 243
38 242
38 244
38 305
21 610
21 609
21 611
21 659
405 811
405 816
97 804
97 803
97 805
97 822
348 697
348 774
201 403
201 650
211 850
211 849
211 851
211 961
249 499
249 560
102 205
102 328
22 549
22 548
22 550
22 592
158 317
158 508
30 195
30 194
30 196
30 223
34 870
34 869
34 871
34 977
421 843
421 895
1 666
1 665
1 667
1 702
162 325
162 548
73 147
73 216
96 193
96 219
134 542
134 541
134 543
134 583
58 117
58 221
5 809
5 811
5 891
115 465
115 467
115 471
36 800
36 802
36 868
357 868
57 888
57 890
57 987
25 780
25 782
25 850
69 734
69 736
69 814
199 543
253 569
88 924
88 926
88 962
90 554
90 556
90 587
298 948
88 211
316 944
82 864
82 866
82 919
101 620
101 622
101 624
183 415
80 494
80 496
80 514
136 830
136 832
136 904
121 489
121 491
121 713
47 748
47 750
47 785
364 831
145 313
47 629
47 631
47 658
163 657
163 659
163 956
244 668
31 809
31 811
31 888
385 800
143 349
149 908
149 910
149 960
61 132
359 909
112 686
112 688
112 853
297 996
12 794
12 796
12 826
181 565
22 93
22 95
22 138
432 887
75 296
131 529
131 531
131 685
286 856
101 835
101 837
101 954
40 115
115 704
115 706
115 824
88 542
88 544
88 624
448 985
275 657
69 893
69 895
69 988
73 941
73 943
73 993
270 591
73 452
73 454
73 529
380 863
89 739
89 741
89 907
111 279
109 668
109 670
109 839
9 428
9 430
9 489
29 971
29 973
29 991
8 298
101 409
101 411
101 581
65 265
65 267
65 320
231 929
231 931
231 991
430 945
146 890
146 892
146 932
47 748
47 750
47 764
40 254
40 256
40 309
275 883
165 446
196 789
196 791
196 930
157 633
157 635
157 657
46 160
114 698
114 700
114 925
248 877
193 551
149 601
149 603
149 884
10 657
10 659
10 696
61 515
61 517
61 530
141 860
141 862
141 984
235 945
235 947
235 990
240 708
400 865
190 704
205 825
205 827
205 912
307 761
164 661
164 663
164 843
7 881
7 883
7 921
243 892
50 103
172 606
94 381
94 383
94 413
142 358
16 509
16 511
16 578
18 407
18 409
18 476
80 844
80 846
80 981
56 903
154 508
5 366
186 999
54 613
165 424
72 681
273 904
49 249
19 496
448 964
87 735
189 633
22 788
334 941
236 613
62 373
53 722
186 867
107 367
380 997
348 981
429 944
193 611
220 832
218 482
390 781
136 592
45 204
240 503
164 906
29 879
181 809
128 565
109 582
416 936
281 1000
139 465
86 537
335 753
387 946
3 938
35 487
223 987
292 656
314 680
41 720
42 747
60 586
412 902
296 618
126 496
117 952
439 916
294 609
214 517
187 499
6 328
229 626
211 461
247 670
135 526
151 843
256 767
102 405
235 970
402 958
1 369
201 625
32 999
95 735
246 652
358 728
132 859
341 987
125 400
73 760
399 933
76 713
6 176
188 725
120 415
168 661
159 927
49 350
298 968
333 766
26 733
191 724
272 947
21 332
187 498
153 332
117 727
24 295
31 293
366 867
254 857
281 912
388 842
27 183
340 962
312 639
120 270
186 677
11 439
202 754
13 221
243 754
111 838
136 617
14 348
110 482
215 505
206 961
41 100
226 678
341 966
133 858
51 909
293 908
224 791
28 741
219 611
24 886
94 892
342 840
40 269
48 554
226 686
161 827
441 905
207 449
325 715
122 539
10 799
49 465
148 657
30 855
134 945
179 803
35 132
190 772
239 529
29 930
285 735
13 534
3 613
92 230
123 618
66 371
124 579
206 613
374 837
190 406
88 334
168 712
97 445
62 888
339 810
216 777
43 239
116 973
364 883
212 899
429 975
289 594
176 859
239 828
74 632
138 825
174 777
185 560
395 964
210 604
184 770
243 755
60 912
173 549
42 564
97 859
336 705
260 858
363 923
303 792
23 474
343 911
40 354
194 909
422 954
236 712
304 742
166 674
266 717
157 434
111 417
111 692
433 893
221 901
263 896
416 856
335 676
111 727
194 527
195 740
172 952
442 900
210 983
398 931
353 781
100 913
475 956
338 956
198 706
271 860
246 828
50 548
150 787
50 902
328 711
149 375
288 857
153 638
99 485
194 701
250 837
173 532
228 607
36 843
58 793
130 458
5 644
61 294
20 466
202 636
186 579
76 946
29 600
270 818
420 887
3 635
215 905
19 679
46 202
124 790
95 765
82 170
155 851
7 833
159 990
366 945
386 899
104 956
125 254
30 898
123 541
116 561
306 857
300 946
84 860
112 307
26 381
155 946
315 837
362 747
406 873
230 686
182 671
184 935
251 720
136 937
50 594
241 871
239 888
111 696
402 824
158 425
443 898
42 470
117 460
336 942
114 679
150 699
262 890
227 807
186 857
340 834
377 908
350 845
57 849
459 921
254 670
254 617
199 811
95 878
206 716
142 491
281 636
243 722
70 782
17 960
467 954
113 465
60 203
263 590
262 639
79 324
442 926
218 748
148 348
38 539
52 721
72 590
52 218
8 112
234 945
92 700
7 175
131 316
329 716
216 860
56 727
154 778
186 499
308 683
221 842
107 804
20 529
134 908
113 542
141 467
157 536
217 790
387 830
62 271
263 985
222 992
305 951
172 871
61 735
277 681
127 361
43 962
277 908
280 983
70 803
52 665
217 665
60 576
336 972
324 855
328 822
197 859
2 455
100 599
77 659
30 508
321 923
61 537
290 841
16 558
224 950
281 628
57 229
337 830
174 478
242 545
336 837
85 361
392 810
69 592
191 863
174 647
289 892
196 838
278 729
96 684
104 256
129 527
83 228
43 786
151 848
93 220
234 694
39 488
376 947
92 371
85 993
25 708
306 892
152 928
221 631
158 624
135 731
22 389
268 746
47 581
210 703
42 648
72 471
422 977
287 719
104 557
275 726
66 274
73 584
49 827
132 675
53 963
179 446
134 979
322 671
120 840
360 817
167 563
4 255
273 900
188 488
348 933
146 771
222 717
5 230
181 565
127 599
403 991
303 931
445 925
256 637
12 737
316 792
291 748
31 379
19 927
103 811
86 640
336 811
394 961
151 736
12 398
331 949
181 550
136 953
23 167
51 367
235 959
162 714
127 406
105 323
202 519
22 211
337 908
158 522
83 218
100 823
172 931
83 717
257 988
414 966
340 740
57 983
57 938
136 564
146 604
447 937
166 859
131 507
115 363
49 487
11 930
303 742
177 377
70 286
213 909
267 816
145 676
155 330
431 950
108 256
292 901
92 756
131 545
228 765
116 555
342 896
26 512
277 568
154 630
316 913
11 49
239 691
