100
1 2
00
10
3 6
001011 110001 110110
111001 000001 110010
2 10
0001010010 0000011010
0100001110 1101100011
1 4
0100
0110
10 10
1100100010 1011000001 1011011010 0001011111 0110110101 1010001100 1111000011 0101111101 0000101010 0100110100
1000000000 0101111101 1001110101 1111101010 0010000101 1100100010 0010011110 0011010011 1101101011 0110011100
9 7
1010100 1001100 0100101 0011100 1000011 0111001 1110010 0110110 1000000
0111010 1001100 1000011 0110110 0111001 1100110 0001000 1011111 0101110
8 10
0110011010 1010101000 0101010111 1110110011 1110101000 0001010111 1010110011 0010011010
1011011100 0000100011 1100010001 0000111000 0100100011 1111011100 0100111000 1000010001
10 10
0101000100 1010001111 0010000100 1101001111 1001101111 1110001111 1011101011 0001100100 0110000100 0011100000
0100010100 0010110000 1011011111 1000111111 0111010100 1111011111 0011010100 1100011111 0000110100 1010111011
1 5
11010
00101
2 3
001 100
101 110
10 10
1011001100 0001100010 1000011011 0110000101 1110010100 0101100011 0101100101 0011011011 1010111000 1100111110
0100011110 1011101000 1101100111 1110110000 1001000010 1111000100 0000011111 0110100111 0011111001 0000011001
10 10
0000000011 0110010101 0000010110 1010011110 0111100001 1011111001 1111101100 1100101010 1101101011 0001010100
1110000000 0011101000 1000010110 1110010101 1111010111 0001101111 0010101001 0101111010 0100011101 1001100010
8 10
0111011111 0111110010 1101110101 0011101110 0100001001 1101010000 0000101100 0000101011
0011001011 1101110101 0000001001 0000001110 0111010111 0100101100 0111111010 1101010000
4 5
11000 11001 00011 00010
11101 00111 00110 11100
10 10
0110001110 0111101011 1010000011 1001010010 0100000100 1111110010 0001011100 1001101101 1100111101 0010110001
1111111100 1100010001 0111001101 1001001011 1000101110 0010011101 0001010010 0100100011 1010100100 0111110010
10 10
0100100101 1100101111 1111011010 1110010000 0011101001 0001000101 0000010010 1111111000 1000000110 0011111111
0111011100 1011111001 0101100110 1010110011 1000001100 1011011011 0111001010 0000000110 1100100101 0100110001
1 5
00110
10101
4 9
111001100 100111111 100111110 111001101
010100011 001010000 010100010 001010001
9 5
00000 11101 11100 01000 10000 10010 00101 11011 01110
01010 10011 10100 01101 11011 00001 00111 00100 10001
1 8
01100111
01100111
6 10
1101110011 0010110001 1100001010 1011001100 0111010100 0000000101
0011101100 1100101110 0110001001 1101010111 1010010001 0001011000
10 10
1101010110 1101100000 1011000110 1111011110 0001010110 0000000110 0011100000 0101100101 1000000010 1110100101
1110010011 1011000111 0110010111 1000110100 0011110100 1011110001 0111000111 1101010111 1001001111 0101110001
2 5
10001 11010
00001 01010
5 9
111000100 100111100 011101110 010010110 100100001
110111111 100010010 000111101 110000011 101100111
4 10
0111100100 1111110000 0000111111 1100111110
1111111101 1100110011 0000110010 0111101001
8 5
10011 11111 01000 00100 11101 10001 01111 10111
01100 01010 11001 00000 01110 10010 00010 10101
4 3
100 010 011 110
011 111 001 110
9 10
0010111000 1111011111 0011110110 1101000000 1100111001 1100101010 1001110010 0001000110 0001110000
1000011011 0010111001 1000101111 0000010000 1011100110 0111010110 1001010000 0001001111 1011101001
4 4
0111 0101 1100 1110
0111 1100 1110 0101
3 7
0001101 1010000 0111000
0110110 1011000 0011111
4 10
0111110100 1000001011 0100010111 1011101000
0100010111 1011101000 1000001011 0111110100
10 9
111101101 101011101 111011101 001011010 001010010 011101010 011010010 111010101 101010101 011011010
001111010 111110101 111111101 001110010 101110101 011110010 111001101 011001010 101111101 011111010
10 10
1011001101 0010101000 1111000010 0000010110 0101111111 0010011101 0100100001 1101111110 1111110000 1000000011
0011001101 0100111110 0111110000 1110010101 1100101011 0011111111 1001000010 1110100000 0001000011 1000011100
10 10
0110001010 1000100110 0101110001 0101110100 0010011100 1011111111 1000100011 0001001010 1111000101 1110011001
1000110100 0010000000 1111011001 0110111010 1100001111 0101100011 1011001111 1000110001 0101100110 0011011100
6 6
010001 010011 100011 011100 101100 100001
010110 101011 100110 011001 101001 011011
8 8
01111111 10001101 01111110 01111011 10001100 10000001 10001001 01110011
10000100 10001100 01111011 01111010 01110110 10001000 10001001 01111110
8 5
11001 11100 00110 10001 10000 10101 00010 11010
11111 11000 01010 00011 10101 00111 11011 10000
6 7
0100010 1110110 1010001 0000001 1010101 1110010
0101110 1011101 1011001 1111110 1111010 0001101
8 6
001001 000000 010110 011111 110110 100000 011110 001000
110111 000001 111110 101000 100001 101001 010111 111111
2 6
011000 001110
000110 011100
10 10
1001101001 0011010110 1111010101 0100100000 1100111010 1010010111 0101101111 0100110011 1010001100 0011001000
1010001111 1100101000 0000110101 0101101100 0011011010 0101110111 0110001001 1100110110 1011010011 1011000000
10 10
0110100111 1111110010 1000011001 0101100100 1100110110 0011011000 0101000100 1011001111 1000011011 0010101001
1101101001 0101111110 0011000010 0100001111 1001010100 1110111111 0011100010 1110111101 1010010000 0000000001
2 10
1000110011 1001101000
0111010100 0110001111
10 10
1011001101 0100111000 0011000010 0001110000 1000011101 1000111111 0110010010 1100101101 1111100010 0111000111
0011111010 0100000101 1111011010 0111010101 0000110101 0100100111 1000100000 1010001010 1011011111 1101101000
5 10
1000101011 0011100001 0111100110 0100110101 0101001010
0111010100 0001011010 0101011110 0111000100 1000101010
10 10
1000001001 0010100000 1110000101 0111101010 0111000110 1001011110 1100111000 1000011111 0101110001 0011110111
1010011000 1101000011 0110111101 0111101010 1000100101 0011011011 0011110111 1100010100 0001101100 1100000010
10 10
1000100110 1110010001 0011110010 0110101011 1110010110 1111101111 0001011001 0000000000 1001011100 0101101101
0111110111 0000111010 0110001001 1100001011 0001000000 0111110000 1111001101 1000111111 1010010100 1001100110
7 9
010011100 100010101 000100010 111111000 111001100 101011111 111111110
011001100 011111000 100100010 000010101 110011100 001011111 011111110
10 10
1111001110 1101100100 0110110101 1101100101 1111001111 0110011101 0110110100 0100101111 0100101110 0110011100
1000111011 1000111010 0011101011 1010100000 1000010010 1000010011 0001000001 0011101010 0001000000 1010100001
10 10
0001110101 0001101000 0110100110 0100000011 0010111001 1110100100 1011011111 1001010010 1101011011 1110001100
0110011001 1001010101 0101001000 0011110010 0001010111 1110100011 0110000100 1001111101 1010101010 1100101110
10 10
1101101100 0000111100 1110101010 1000000110 1110010001 0011101101 0011010010 0110010111 0101100001 1001011011
1101011101 0000001101 1000110111 1110100000 0110100110 0101010000 1001101010 0011011100 1110011011 0011100011
4 7
1110111 1100111 1111111 1101111
1000110 1010110 1011110 1001110
2 8
11101101 11101011
11011011 11011101
2 6
100110 100111
111100 111101
5 10
0001000000 0111010000 1000110000 1111110111 0001110100
1110011000 0011101101 1111110100 0011011100 0001100010
3 9
110001011 101101011 110100110
100111011 010010010 010011100
5 3
010 100 111 000 011
010 110 001 101 000
6 7
0110110 0000111 1011000 0011101 1101000 1001101
0001011 1001110 1010100 0011110 0111011 1100101
6 8
11111101 00000010 00010000 01111101 10000010 10010000
01100011 11110001 00011100 10011100 11100011 01110001
10 10
0000010010 1001111101 0010000000 1010011100 0001001111 0100110000 1111100011 1111101110 1100001001 0111110111
1000010100 1101100011 1110101100 0000001101 1011010011 0110011110 0011101010 0000000000 0101111111 1111110001
4 6
110111 001010 010010 101111
110101 101101 001000 010000
2 9
000101001 100100001
110010011 010011011
10 10
0100111000 0010010101 1001101001 0100000010 1111000011 0100011111 1011111111 1011100100 1011011110 0100100000
1000000101 0111100101 0111111110 1000111010 0011011001 1110001111 0111000100 0101110011 1000011000 1000100010
10 10
1110100001 1011110010 1101001110 0001010100 1110111000 0001010111 0110001011 1100101111 0010011100 0001100001
0100011100 0011000001 0110010010 1001010010 0110001011 1001100111 1001100100 1010101111 1110111000 0101111101
7 6
011001 101100 100001 100000 001001 001100 100110
000011 010010 000000 111111 111001 110111 101010
3 3
110 100 011
001 100 110
4 8
00101101 00100100 10110110 10111111
11010100 01001111 01000110 11011101
9 6
100001 111011 110101 000010 001001 110011 100000 010111 011101
000011 010110 110010 001000 110100 100001 100000 011100 111010
10 10
1001010011 0000111111 0110001001 0000100011 0111011110 0010000000 1111011100 1100110100 1011101111 1101100000
0100001100 1111000000 0100010000 1101111100 1000011011 0010100110 0110101111 0011110001 1001001111 1011110011
8 9
000101000 100100011 000111010 111111100 101110000 110111100 011100000 100011100
100011100 110010000 111000011 011011010 000000000 101011100 111111100 011001000
10 10
1011010110 1100110011 1000111100 0111000100 0110111011 0101001011 1110111101 0001100100 0000001010 1011000001
1110001011 1001000101 0001110011 0010001110 1100000100 0111110010 1000101011 0101111100 0010011001 1111110100
4 7
1001101 1011111 1100001 1110011
0011110 0001100 0110010 0100000
7 4
1101 0011 0100 0111 1100 1010 1001
1001 1100 1110 1010 0011 1011 1111
10 10
0100011110 0001101110 1110000000 1011110101 1110100011 0010100110 1101111000 0001001011 0110010001 1001011101
0000110101 0110111000 0011001101 1100000110 1001010011 0011101110 1111101011 0100010000 1011011100 1100100011
2 2
00 10
11 10
10 10
0010011001 0011011100 1101101110 1110110101 1111110010 0000010000 1100000011 1001001110 0010100101 0101101011
0110011001 1101001110 1100001011 0010111001 1010111100 0000100101 0001100010 0011010100 1111000111 1101110010
1 9
111101010
010101100
9 9
111011000 011011011 111000010 010100011 110000110 000001101 000010110 110101110 101110111
110100111 010000010 111111001 110001111 000101100 000110111 111100011 101010110 011111010
10 10
0100000111 1110111000 0000010101 1001101111 0111100000 1010101000 1011100100 0001011111 1111010010 0100011011
0011001001 1001110100 0010000101 1110000001 1101100110 1101111010 0111011001 0110110011 0000001110 1000111110
10 10
0010110011 1100100100 1111110101 1000010001 0010001111 1111111100 0101010010 0010001000 0101001111 1001101010
1111011000 0001110011 1100000000 1100001001 0001001111 1011101101 0001110100 0110101110 0110110011 1010010110
10 10
0001011011 1000100111 1100100010 0111100101 1100001000 0011110110 0110111011 1000001001 0011011100 1111010100
0010001011 0110001110 0110100000 0010100001 1000010010 0001111101 1101110101 1001001100 1101011111 1111110010
3 9
000111101 111011100 100110011
111010100 100111011 000110101
6 9
010110110 000111000 010001111 110011010 110000100 001100000
100011010 110111101 000000101 000101110 010011101 101111010
10 10
1001110110 0100101111 1111110010 0000011101 0110010011 0010010011 0001101000 1000000000 1111001101 1111101100
1111100110 0110111000 1111000111 0001000011 1000101011 0100000100 1111011001 0010111000 1001011101 0000110110
8 7
0010011 0011010 0011011 0101110 1100111 0101111 0100111 1010011
0100100 0010001 0101100 0100101 0011000 0010000 1011000 1101100
9 9
011110101 111110101 010011010 100011101 110100000 110000001 101101110 010100001 000000010
110011001 001101101 100100101 100011010 001111001 110110011 111111011 101011000 000011111
8 6
101100 000000 100010 110100 111101 111011 010011 011000
000010 110011 111000 011101 011011 010100 100000 001100
8 8
11010111 01100010 10011111 10111110 01010010 11010010 00011100 11010000
00001100 10001111 11000000 11000010 01110010 01000010 11000111 10101110
10 10
0110000100 1001101111 0100111100 1110010001 1110010011 0100011010 0011110101 1011100100 0001001011 1001101010
1011101001 1100010111 1100010010 0110001101 1110011100 0011111100 0001000100 0100110011 1011101011 0001100010
2 9
001001000 011001010
001010001 100110011
7 10
0010100101 0000011010 0011100001 0001001101 0001010001 0100001100 1001010101
0001101111 0011011111 0011000011 0110000010 1011011011 0010010100 0000101011
10 10
1010001000 1100110110 1011111111 1001100001 0110010000 0001110011 0110011110 1100001111 0101001001 0011100100
1110110111 1101011110 0001110110 1000001001 0101001100 1000110000 0010100001 1111000000 0111011011 0010101111
10 10
0011000101 0011001000 0110110011 1110100010 1001011110 1001111111 0010010110 0100101101 1100100000 1101011001
0010010111 1101011011 1000101101 1000100000 0111001000 1001111110 0101001010 0110110001 0010110110 1111000101
10 5
10000 11100 00000 00111 00011 10100 11011 00100 11000 11111
00101 01101 10110 10101 00001 01001 10001 01010 01110 10010
6 7
1011111 0101000 1111000 1001011 1110111 1111111
1011011 0001100 1101111 1111011 1010011 1011100
6 10
0100100100 0001100001 0101000001 0011101011 0111001011 0110101110
0001010001 0101110001 0111111011 0010111110 0011011011 0000110100
10 10
0000010000 0011101111 0101101000 0111110011 1010000101 1111011000 0010000011 1100000110 1000111111 1101111100
0111111110 1000010111 1100101110 1011001001 0011100010 0110010010 0100000001 1110010100 0001111001 1001101101
3 10
1000000110 1100001010 0011011110
0000100011 1111100100 1010010100
8 9
111110000 011101010 100111100 000110001 100101101 110000110 010001001 111010000
000000011 100001110 000010010 011101111 010111001 011001111 111010101 110110110
3 10
0111101100 1011001011 1000100111
1000110011 0111111000 1011011111
